212.08
196.92
196.28
196.36
189.01
180.68
175.78
174.94
169.82
161.28
155.70
150.37
147.75
144.23
153.85
-1.00
203.79
199.59
202.97
196.03
207.42
194.57
205.95
204.34
203.37
205.47
204.31
202.74
198.98
195.67
194.99
183.50
176.87
171.24
165.94
158.10
149.55
152.56
143.32
131.29
129.20
131.21
133.96
-1.00
185.71
181.71
180.39
179.99
178.04
179.32
179.36
178.67
178.56
183.07
182.33
180.07
209.33
203.44
207.31
203.09
190.24
178.42
169.02
169.74
162.92
162.17
160.20
152.01
148.29
143.70
157.39
-1.00
197.53
189.47
199.27
192.26
200.06
207.04
198.41
196.61
197.63
206.44
201.64
201.27
210.05
209.85
205.74
199.30
188.42
183.56
184.31
174.16
169.20
160.97
152.88
150.44
138.21
138.77
134.28
-1.00
196.00
199.26
197.87
196.61
192.32
198.25
200.73
199.25
196.85
199.48
189.97
196.18
