196.96
191.25
189.97
187.37
183.61
177.30
173.98
173.28
169.33
161.18
155.06
148.86
146.56
143.97
156.99
-1.00
198.75
195.00
197.02
188.82
203.59
187.50
200.27
200.17
198.35
197.03
197.10
195.04
179.36
179.27
180.60
169.38
169.24
165.37
162.93
156.16
148.70
151.95
143.05
130.40
128.94
131.54
137.14
-1.00
183.59
178.42
176.77
176.54
175.29
177.38
176.08
175.39
175.27
179.64
179.16
179.65
190.87
199.28
191.07
191.42
184.29
175.15
169.25
168.86
163.38
162.12
161.74
152.50
149.02
146.58
159.86
-1.00
194.30
185.46
194.79
185.98
195.23
204.00
194.83
193.39
195.00
204.77
200.05
197.47
197.12
201.38
201.37
194.12
183.94
180.72
184.06
172.83
169.66
161.06
152.97
150.27
137.21
139.31
138.41
-1.00
188.57
199.72
196.64
193.47
189.30
196.51
198.63
196.88
192.92
195.71
185.83
193.89
