46343.53
46287.97
47244.28
58323.23
61424.50
69379.31
77548.27
85703.73
95261.27
109308.24
121350.57
137554.74
154521.85
167863.97
172988.66
0.00
46982.19
48576.15
51561.15
53187.55
50886.77
54474.88
56074.29
56987.63
60306.53
66977.99
65965.46
66599.49
56542.73
53917.72
56893.39
68808.22
67998.06
80764.52
85096.75
96212.86
103898.00
117873.77
129680.27
146285.83
158936.80
174437.16
184668.55
0.00
60951.93
63831.62
64456.05
65197.80
68042.80
69357.16
67737.07
69085.26
68383.18
66417.66
66823.07
64043.77
47192.35
46745.33
51237.83
58658.89
62448.27
72131.92
79993.47
90410.15
99023.24
114565.56
124417.00
143698.23
159569.20
172966.41
182418.49
0.00
62275.48
63035.50
60926.14
61717.82
59377.75
56951.47
56591.01
56038.09
55890.90
52356.11
50462.54
51864.79
37251.93
43354.40
37849.15
46127.78
53896.36
63004.22
69957.34
79114.11
89692.14
105489.25
117503.09
136973.63
153447.31
172374.65
190341.95
0.00
66026.36
49011.81
48734.20
51165.73
50342.96
49719.44
48869.05
50874.53
51858.67
52730.55
52015.73
51576.94
