34479.81
45118.89
42690.99
52129.54
58458.92
68128.86
78894.94
86690.64
97996.45
112224.31
123260.84
137078.82
154427.44
168676.57
177158.50
0.00
44192.71
45444.50
46962.55
46486.62
50025.11
48459.92
52623.30
54876.72
56549.77
59098.08
58957.05
58588.99
44863.48
45208.07
45376.08
58809.47
63161.91
76631.53
85296.66
96227.22
105902.04
119208.79
131258.52
146195.05
160023.28
175901.05
191244.41
0.00
60765.76
62628.28
62663.23
64558.62
67991.17
70741.87
66573.91
67600.54
67229.88
64809.26
65179.99
64451.92
33996.50
49183.88
38218.13
49961.94
58575.19
71294.02
83172.39
90989.42
101590.40
115606.13
128036.10
144521.52
160856.32
178046.40
185137.43
0.00
58822.57
58478.87
56923.67
55299.93
55672.41
55685.30
53959.56
53182.32
54020.04
51448.36
49346.11
47806.94
26431.47
38355.08
35535.01
42983.95
51492.10
62350.14
72718.19
80110.24
93393.12
108263.08
119777.85
138038.55
152567.48
174092.77
198083.09
0.00
52419.94
50825.85
47908.11
48694.31
47908.10
49100.46
48559.43
49745.67
49625.32
50420.76
48147.36
49758.36
